0,437
0,436
0,435
0,434
0,433
0,432
0,431
0,430
0,429
0,428
0,427
0,426
0,425
0,424
0,423
0,422
0,421
12,126
12,106
12,105
12,104
12,103
12,102
12,101
12,100
12,99
12,98
12,97
12,96
12,95
12,94
12,93
12,92
12,91
12,90
12,89
12,88
12,87
12,86
12,85
12,84
12,83
12,82
12,81
12,80
12,79
12,78
12,77
12,76
12,75
12,74
12,73
12,72
12,71
12,70
12,69
12,68
12,67
12,66
12,65
12,64
12,37
12,36
12,35
12,34
12,33
12,32
12,31
12,30
12,29
12,28
12,27
12,26
12,25
12,24
12,23
12,22
12,21
12,20
12,19
12,18
12,17
12,15
12,14
12,13
12,12
12,11
12,10
12,9
12,8
12,7
12,6
12,5
12,4
12,2
11,4
11,3
11,2
11,1
11,0
10,4
10,3
10,2
10,1
10,0
9,8
9,7
9,6
9,5
9,4
9,3
9,2
9,1
9,0
8,5
8,4
8,3
8,2
8,1
8,0
7,3
7,2
7,1
7,0
6,5
6,4
6,3
6,2
6,1
6,0
5,3
5,2
5,1
5,0
0,408
0,322
0,243
12,1
12,16
12,3
12,0
0,9
0,310
0,305
0,308
0,304
0,303
0,302
0,307
0,12
0,10
0,8
0,0
0,300
0,299
0,298
0,297
0,296
0,295
0,294
0,293
0,292
0,291
0,290
0,289
0,288
0,287
0,286
0,285
0,284
0,420
0,283
0,419
0,282
0,418
0,281
0,417
0,280
0,416
0,279
0,415
0,278
0,414
0,277
0,413
0,276
0,412
0,275
0,411
0,274
0,410
12,107
12,108
12,110
12,111
12,113
12,114
12,116
12,118
12,119
12,121
12,122
12,124
13,0
13,1
13,3
13,4
13,6
13,7
13,9
13,11
13,12
13,14
13,15
13,17
13,19
13,20
13,22
13,23
13,25
13,26
13,28
13,30
13,31
13,33
13,34
13,36
13,38
13,39
13,41
13,42
13,44
13,45
13,47
13,49
13,50
13,52
13,53
13,55
13,57
13,58
13,60
13,61
13,63
13,65
13,66
13,68
13,69
13,71
13,72
13,74
13,76
13,77
13,79
13,80
13,82
13,84
13,85
13,87
13,88
13,90
13,91
13,93
13,95
13,96
13,98
13,99
13,101
13,103
13,104
13,106
13,107
13,109
13,110
13,112
13,114
13,115
13,117
13,118
13,120
13,122
13,123
13,125
13,126
13,128
13,130
13,131
13,133
13,134
13,136
13,137
13,139
13,141
13,142
13,144
13,145
13,147
13,149
13,150
13,152
13,153
13,155
13,156
13,158
13,160
13,161
13,163
13,164
13,166
13,168
13,169
13,171
13,172
13,174
13,175
13,177
13,179
13,180
13,182
13,183
13,185
13,187
13,188
13,190
13,191
13,193
13,194
13,196
13,198
13,199
13,201
13,202
13,204
13,206
13,207
13,209
13,210
13,212
13,214
13,215
13,217
13,218
13,220
13,221
13,223
13,225
13,226
13,228
13,229
13,231
13,233
13,234
13,236
13,237
13,239
13,240
13,242
13,244
13,245
13,247
13,248
13,250
13,252
13,253
13,255
13,256
13,258
13,259
13,261
13,263
13,264
13,266
13,267
13,269
13,271
13,272
13,274
13,275
13,277
13,279
13,280
13,282
13,283
13,285
13,286
13,288
13,290
13,291
13,293
13,294
13,296
13,298
13,299
13,301
13,302
13,304
13,305
13,307
13,309
13,310
13,312
13,313
13,315
13,317
13,318
13,320
13,321
13,323
13,324
13,326
13,328
13,329
13,331
13,332
13,334
13,336
13,337
13,339
13,340
13,342
13,343
13,345
13,347
13,348
13,350
13,351
13,353
13,355
13,356
13,358
13,359
13,361
13,363
13,364
13,366
13,367
13,369
13,370
13,372
13,374
13,375
13,377
13,378
13,380
13,382
13,383
13,385
13,386
13,388
13,389
13,391
13,393
13,394
13,396
13,397
13,399
13,401
13,402
13,404
13,405
13,407
13,408
13,410
13,412
13,413
13,415
13,416
13,418
13,420
13,421
13,423
13,424
13,426
13,428
13,429
13,431
13,432
13,434
13,435
13,437
13,439
13,440
13,442
13,443
13,445
13,447
13,448
13,450
13,451
13,453
13,454
13,456
13,458
13,459
13,461
13,462
13,464
13,466
13,467
13,469
13,470
13,472
13,473
13,475
13,477
13,478
13,480
13,481
13,483
13,485
13,486
13,488
13,489
13,491
13,493
13,494
13,496
13,497
13,499
13,500
13,502
13,504
13,505
13,507
13,508
13,510
13,512
13,513
13,515
13,516
13,577
13,578
13,580
13,582
13,583
13,585
13,586
13,588
13,590
13,591
13,593
13,594
13,596
13,597
13,599
13,601
13,602
13,604
13,605
13,607
13,609
13,610
13,612
13,613
13,615
13,616
13,618
13,620
13,621
13,623
13,624
13,626
13,628
13,629
13,631
13,632
13,634
13,636
13,637
13,639
13,640
13,642
13,643
13,645
13,647
13,648
13,650
13,651
13,704
13,706
13,707
13,709
13,710
13,712
13,713
13,715
13,717
13,718
13,720
13,721
13,723
13,725
13,726
13,728
13,729
13,731
13,732
14,0
14,2
14,3
14,5
14,6
14,8
14,10
14,11
14,13
14,14
14,16
14,18
14,19
14,21
14,22
14,24
14,25
14,27
14,29
14,30
14,32
14,33
14,35
14,37
14,38
14,40
14,41
14,43
14,44
14,46
14,48
14,49
14,51
14,52
14,54
14,56
14,57
14,59
14,60
14,62
14,63
14,65
14,67
14,68
14,70
14,71
14,73
14,75
14,76
14,78
14,79
14,81
14,82
14,84
14,86
14,87
14,89
14,90
14,92
14,94
14,95
14,97
14,98
14,100
14,129
14,130
14,132
14,133
15,1
15,2
15,4
16,1
16,2
16,4
16,5
17,1
17,3
17,4
18,0
18,1
18,3
18,4
19,0
19,2
19,3
19,5
20,0
20,2
20,4
20,5
20,6
20,3
20,1
19,4
19,1
18,5
18,2
17,5
17,2
17,0
16,3
16,0
15,3
15,0
14,131
14,128
14,99
14,96
14,93
14,91
14,88
14,85
14,83
14,80
14,77
14,74
14,72
14,69
14,66
14,64
14,61
14,58
14,55
14,53
14,50
14,47
14,45
14,42
14,39
14,36
14,34
14,31
14,28
14,26
14,23
14,20
14,17
14,15
14,12
14,9
14,7
14,4
14,1
13,733
13,730
13,727
13,724
13,722
13,719
13,716
13,714
13,711
13,708
13,705
13,652
13,649
13,646
13,644
13,641
13,638
13,635
13,633
13,630
13,627
13,625
13,622
13,619
13,617
13,614
13,611
13,608
13,606
13,603
13,600
13,598
13,595
13,592
13,589
13,587
13,584
13,581
13,579
13,576
13,514
13,511
13,509
13,506
13,503
13,501
13,498
13,495
13,492
13,490
13,487
13,484
13,482
13,479
13,476
13,474
13,471
13,468
13,465
13,463
13,460
13,457
13,455
13,452
13,449
13,446
13,444
13,441
13,438
13,436
13,433
13,430
13,427
13,425
13,422
13,419
13,417
13,414
13,411
13,409
13,406
13,403
13,400
13,398
13,395
13,392
13,390
13,387
13,384
13,381
13,379
13,376
13,373
13,371
13,368
13,365
13,362
13,360
13,357
13,354
13,352
13,349
13,346
13,344
13,341
13,338
13,335
13,333
13,330
13,327
13,325
13,322
13,319
13,316
13,314
13,311
13,308
13,306
13,303
13,300
13,297
13,295
13,292
13,289
13,287
13,284
13,281
13,278
13,276
13,273
13,270
13,268
13,265
13,262
13,260
13,257
13,254
13,251
13,249
13,246
13,243
13,241
13,238
13,235
13,232
13,230
13,227
13,224
13,222
13,219
13,216
13,213
13,211
13,208
13,205
13,203
13,200
13,197
13,195
13,192
13,189
13,186
13,184
13,181
13,178
13,176
13,173
13,170
13,167
13,165
13,162
13,159
13,157
13,154
13,151
13,148
13,146
13,143
13,140
13,138
13,135
13,132
13,129
13,127
13,124
13,121
13,119
13,116
13,113
13,111
13,108
13,105
13,102
13,100
13,97
13,94
13,92
13,89
13,86
13,83
13,81
13,78
13,75
13,73
13,70
13,67
13,64
13,62
13,59
13,56
13,54
13,51
13,48
13,46
13,43
13,40
13,37
13,35
13,32
13,29
13,27
13,24
13,21
13,18
13,16
13,13
13,10
13,8
13,5
13,2
12,125
12,123
12,120
12,117
12,115
12,112
12,109
0,273
0,409
0,272
0,407
0,271
0,406
0,270
0,405
0,269
0,404
0,268
0,384
0,267
0,403
0,266
0,383
0,265
0,382
0,264
0,381
0,263
0,380
0,262
0,402
0,261
0,379
0,260
0,378
0,259
0,377
0,258
0,368
0,257
0,367
0,256
0,364
0,255
0,401
0,254
0,357
0,253
0,356
0,252
0,355
0,251
0,354
0,250
0,351
0,249
0,400
0,248
0,349
0,247
0,348
0,246
0,347
0,245
0,376
0,244
0,399
0,242
0,375
0,241
0,374
0,240
0,373
0,239
0,372
0,238
0,398
0,237
0,371
0,236
0,370
0,235
0,369
0,234
0,366
0,233
0,365
0,232
0,397
0,231
0,396
0,230
0,363
0,229
0,362
0,228
0,361
0,227
0,360
0,226
0,359
0,225
0,358
0,224
0,395
0,223
0,394
0,222
0,353
0,221
0,352
0,220
0,393
0,219
0,350
0,218
0,392
0,217
0,391
0,216
0,390
0,215
0,346
0,214
0,345
0,213
0,344
0,212
0,343
0,211
0,342
0,210
0,341
0,209
0,389
0,208
0,340
0,207
0,339
0,206
0,338
0,205
0,388
0,204
0,337
0,203
0,336
0,202
0,335
0,201
0,334
0,200
0,333
0,199
0,332
0,198
0,387
0,197
0,331
0,196
0,330
0,195
0,329
0,194
0,328
0,193
0,386
0,192
0,327
0,63
0,326
0,62
0,325
0,61
0,385
0,60
0,324
0,59
0,323
0,58
0,321
0,57
0,320
0,56
0,319
0,55
0,318
0,54
0,317
0,53
0,316
0,52
0,315
0,51
0,314
0,50
0,313
0,49
0,312
0,48
0,311
0,47
0,309
0,46
0,306
0,45
0,301
0,6
0,5
0,1
0,11
0,4
0,2
0,3
0,7
